0 1 12 56
0 11 12 66
12 56 66 67
0 55 56 66
0 12 56 66
1 2 12 56
2 12 13 68
12 56 67 68
2 56 57 68
2 12 56 68
2 3 14 58
2 13 14 68
14 58 68 69
2 57 58 68
2 14 58 68
3 4 14 58
4 14 15 70
14 58 69 70
4 58 59 70
4 14 58 70
4 5 16 60
4 15 16 70
16 60 70 71
4 59 60 70
4 16 60 70
5 6 16 60
6 16 17 72
16 60 71 72
6 60 61 72
6 16 60 72
6 7 18 62
6 17 18 72
18 62 72 73
6 61 62 72
6 18 62 72
7 8 18 62
8 18 19 74
18 62 73 74
8 62 63 74
8 18 62 74
8 9 20 64
8 19 20 74
20 64 74 75
8 63 64 74
8 20 64 74
9 10 20 64
10 20 21 76
20 64 75 76
10 64 65 76
10 20 64 76
11 12 22 66
12 22 23 78
22 66 77 78
12 66 67 78
12 22 66 78
12 13 24 68
12 23 24 78
24 68 78 79
12 67 68 78
12 24 68 78
13 14 24 68
14 24 25 80
24 68 79 80
14 68 69 80
14 24 68 80
14 15 26 70
14 25 26 80
26 70 80 81
14 69 70 80
14 26 70 80
15 16 26 70
16 26 27 82
26 70 81 82
16 70 71 82
16 26 70 82
16 17 28 72
16 27 28 82
28 72 82 83
16 71 72 82
16 28 72 82
17 18 28 72
18 28 29 84
28 72 83 84
18 72 73 84
18 28 72 84
18 19 30 74
18 29 30 84
30 74 84 85
18 73 74 84
18 30 74 84
19 20 30 74
20 30 31 86
30 74 85 86
20 74 75 86
20 30 74 86
20 21 32 76
20 31 32 86
32 76 86 87
20 75 76 86
20 32 76 86
22 23 34 78
22 33 34 88
34 78 88 89
22 77 78 88
22 34 78 88
23 24 34 78
24 34 35 90
34 78 89 90
24 78 79 90
24 34 78 90
24 25 36 80
24 35 36 90
36 80 90 91
24 79 80 90
24 36 80 90
25 26 36 80
26 36 37 92
36 80 91 92
26 80 81 92
26 36 80 92
26 27 38 82
26 37 38 92
38 82 92 93
26 81 82 92
26 38 82 92
27 28 38 82
28 38 39 94
38 82 93 94
28 82 83 94
28 38 82 94
28 29 40 84
28 39 40 94
40 84 94 95
28 83 84 94
28 40 84 94
29 30 40 84
30 40 41 96
40 84 95 96
30 84 85 96
30 40 84 96
30 31 42 86
30 41 42 96
42 86 96 97
30 85 86 96
30 42 86 96
31 32 42 86
32 42 43 98
42 86 97 98
32 86 87 98
32 42 86 98
33 34 44 88
34 44 45 100
44 88 99 100
34 88 89 100
34 44 88 100
34 35 46 90
34 45 46 100
46 90 100 101
34 89 90 100
34 46 90 100
35 36 46 90
36 46 47 102
46 90 101 102
36 90 91 102
36 46 90 102
36 37 48 92
36 47 48 102
48 92 102 103
36 91 92 102
36 48 92 102
37 38 48 92
38 48 49 104
48 92 103 104
38 92 93 104
38 48 92 104
38 39 50 94
38 49 50 104
50 94 104 105
38 93 94 104
38 50 94 104
39 40 50 94
40 50 51 106
50 94 105 106
40 94 95 106
40 50 94 106
40 41 52 96
40 51 52 106
52 96 106 107
40 95 96 106
40 52 96 106
41 42 52 96
42 52 53 108
52 96 107 108
42 96 97 108
42 52 96 108
42 43 54 98
42 53 54 108
54 98 108 109
42 97 98 108
42 54 98 108
55 56 66 110
56 66 67 122
66 110 121 122
56 110 111 122
56 66 110 122
56 57 68 112
56 67 68 122
68 112 122 123
56 111 112 122
56 68 112 122
57 58 68 112
58 68 69 124
68 112 123 124
58 112 113 124
58 68 112 124
58 59 70 114
58 69 70 124
70 114 124 125
58 113 114 124
58 70 114 124
59 60 70 114
60 70 71 126
70 114 125 126
60 114 115 126
60 70 114 126
60 61 72 116
60 71 72 126
72 116 126 127
60 115 116 126
60 72 116 126
61 62 72 116
62 72 73 128
72 116 127 128
62 116 117 128
62 72 116 128
62 63 74 118
62 73 74 128
74 118 128 129
62 117 118 128
62 74 118 128
63 64 74 118
64 74 75 130
74 118 129 130
64 118 119 130
64 74 118 130
64 65 76 120
64 75 76 130
76 120 130 131
64 119 120 130
64 76 120 130
66 67 78 122
66 77 78 132
78 122 132 133
66 121 122 132
66 78 122 132
67 68 78 122
68 78 79 134
78 122 133 134
68 122 123 134
68 78 122 134
68 69 80 124
68 79 80 134
80 124 134 135
68 123 124 134
68 80 124 134
69 70 80 124
70 80 81 136
80 124 135 136
70 124 125 136
70 80 124 136
70 71 82 126
70 81 82 136
82 126 136 137
70 125 126 136
70 82 126 136
71 72 82 126
72 82 83 138
82 126 137 138
72 126 127 138
72 82 126 138
72 73 84 128
72 83 84 138
84 128 138 139
72 127 128 138
72 84 128 138
73 74 84 128
74 84 85 140
84 128 139 140
74 128 129 140
74 84 128 140
74 75 86 130
74 85 86 140
86 130 140 141
74 129 130 140
74 86 130 140
75 76 86 130
76 86 87 142
86 130 141 142
76 130 131 142
76 86 130 142
77 78 88 132
78 88 89 144
88 132 143 144
78 132 133 144
78 88 132 144
78 79 90 134
78 89 90 144
90 134 144 145
78 133 134 144
78 90 134 144
79 80 90 134
80 90 91 146
90 134 145 146
80 134 135 146
80 90 134 146
80 81 92 136
80 91 92 146
92 136 146 147
80 135 136 146
80 92 136 146
81 82 92 136
82 92 93 148
92 136 147 148
82 136 137 148
82 92 136 148
82 83 94 138
82 93 94 148
94 138 148 149
82 137 138 148
82 94 138 148
83 84 94 138
84 94 95 150
94 138 149 150
84 138 139 150
84 94 138 150
84 85 96 140
84 95 96 150
96 140 150 151
84 139 140 150
84 96 140 150
85 86 96 140
86 96 97 152
96 140 151 152
86 140 141 152
86 96 140 152
86 87 98 142
86 97 98 152
98 142 152 153
86 141 142 152
86 98 142 152
88 89 100 144
88 99 100 154
100 144 154 155
88 143 144 154
88 100 144 154
89 90 100 144
90 100 101 156
100 144 155 156
90 144 145 156
90 100 144 156
90 91 102 146
90 101 102 156
102 146 156 157
90 145 146 156
90 102 146 156
91 92 102 146
92 102 103 158
102 146 157 158
92 146 147 158
92 102 146 158
92 93 104 148
92 103 104 158
104 148 158 159
92 147 148 158
92 104 148 158
93 94 104 148
94 104 105 160
104 148 159 160
94 148 149 160
94 104 148 160
94 95 106 150
94 105 106 160
106 150 160 161
94 149 150 160
94 106 150 160
95 96 106 150
96 106 107 162
106 150 161 162
96 150 151 162
96 106 150 162
96 97 108 152
96 107 108 162
108 152 162 163
96 151 152 162
96 108 152 162
97 98 108 152
98 108 109 164
108 152 163 164
98 152 153 164
98 108 152 164
110 111 122 166
110 121 122 175
122 166 175 176
110 165 166 175
110 122 166 175
111 112 122 166
112 122 123 177
122 166 176 177
112 166 167 177
112 122 166 177
112 113 124 168
112 123 124 177
124 168 177 178
112 167 168 177
112 124 168 177
113 114 124 168
114 124 125 179
124 168 178 179
114 168 169 179
114 124 168 179
116 117 128 171
116 127 128 180
128 171 180 181
116 170 171 180
116 128 171 180
117 118 128 171
118 128 129 182
128 171 181 182
118 171 172 182
118 128 171 182
118 119 130 173
118 129 130 182
130 173 182 183
118 172 173 182
118 130 173 182
119 120 130 173
120 130 131 184
130 173 183 184
120 173 174 184
120 130 173 184
121 122 132 175
122 132 133 186
132 175 185 186
122 175 176 186
122 132 175 186
122 123 134 177
122 133 134 186
134 177 186 187
122 176 177 186
122 134 177 186
123 124 134 177
124 134 135 188
134 177 187 188
124 177 178 188
124 134 177 188
124 125 136 179
124 135 136 188
136 179 188 189
124 178 179 188
124 136 179 188
127 128 138 180
128 138 139 192
138 180 191 192
128 180 181 192
128 138 180 192
128 129 140 182
128 139 140 192
140 182 192 193
128 181 182 192
128 140 182 192
129 130 140 182
130 140 141 194
140 182 193 194
130 182 183 194
130 140 182 194
130 131 142 184
130 141 142 194
142 184 194 195
130 183 184 194
130 142 184 194
132 133 144 186
132 143 144 196
144 186 196 197
132 185 186 196
132 144 186 196
133 134 144 186
134 144 145 198
144 186 197 198
134 186 187 198
134 144 186 198
134 135 146 188
134 145 146 198
146 188 198 199
134 187 188 198
134 146 188 198
135 136 146 188
136 146 147 200
146 188 199 200
136 188 189 200
136 146 188 200
136 137 148 190
136 147 148 200
148 190 200 201
136 189 190 200
136 148 190 200
137 138 148 190
138 148 149 202
148 190 201 202
138 190 191 202
138 148 190 202
138 139 150 192
138 149 150 202
150 192 202 203
138 191 192 202
138 150 192 202
139 140 150 192
140 150 151 204
150 192 203 204
140 192 193 204
140 150 192 204
140 141 152 194
140 151 152 204
152 194 204 205
140 193 194 204
140 152 194 204
141 142 152 194
142 152 153 206
152 194 205 206
142 194 195 206
142 152 194 206
143 144 154 196
144 154 155 208
154 196 207 208
144 196 197 208
144 154 196 208
144 145 156 198
144 155 156 208
156 198 208 209
144 197 198 208
144 156 198 208
145 146 156 198
146 156 157 210
156 198 209 210
146 198 199 210
146 156 198 210
146 147 158 200
146 157 158 210
158 200 210 211
146 199 200 210
146 158 200 210
147 148 158 200
148 158 159 212
158 200 211 212
148 200 201 212
148 158 200 212
148 149 160 202
148 159 160 212
160 202 212 213
148 201 202 212
148 160 202 212
149 150 160 202
150 160 161 214
160 202 213 214
150 202 203 214
150 160 202 214
150 151 162 204
150 161 162 214
162 204 214 215
150 203 204 214
150 162 204 214
151 152 162 204
152 162 163 216
162 204 215 216
152 204 205 216
152 162 204 216
152 153 164 206
152 163 164 216
164 206 216 217
152 205 206 216
152 164 206 216
165 166 175 218
166 175 176 229
175 218 228 229
166 218 219 229
166 175 218 229
166 167 177 220
166 176 177 229
177 220 229 230
166 219 220 229
166 177 220 229
167 168 177 220
168 177 178 231
177 220 230 231
168 220 221 231
168 177 220 231
168 169 179 222
168 178 179 231
179 222 231 232
168 221 222 231
168 179 222 231
170 171 180 223
171 180 181 234
180 223 233 234
171 223 224 234
171 180 223 234
171 172 182 225
171 181 182 234
182 225 234 235
171 224 225 234
171 182 225 234
172 173 182 225
173 182 183 236
182 225 235 236
173 225 226 236
173 182 225 236
173 174 184 227
173 183 184 236
184 227 236 237
173 226 227 236
173 184 227 236
175 176 186 229
175 185 186 238
186 229 238 239
175 228 229 238
175 186 229 238
176 177 186 229
177 186 187 240
186 229 239 240
177 229 230 240
177 186 229 240
177 178 188 231
177 187 188 240
188 231 240 241
177 230 231 240
177 188 231 240
178 179 188 231
179 188 189 242
188 231 241 242
179 231 232 242
179 188 231 242
180 181 192 234
180 191 192 244
192 234 244 245
180 233 234 244
180 192 234 244
181 182 192 234
182 192 193 246
192 234 245 246
182 234 235 246
182 192 234 246
182 183 194 236
182 193 194 246
194 236 246 247
182 235 236 246
182 194 236 246
183 184 194 236
184 194 195 248
194 236 247 248
184 236 237 248
184 194 236 248
185 186 196 238
186 196 197 250
196 238 249 250
186 238 239 250
186 196 238 250
186 187 198 240
186 197 198 250
198 240 250 251
186 239 240 250
186 198 240 250
187 188 198 240
188 198 199 252
198 240 251 252
188 240 241 252
188 198 240 252
188 189 200 242
188 199 200 252
200 242 252 253
188 241 242 252
188 200 242 252
189 190 200 242
190 200 201 254
200 242 253 254
190 242 243 254
190 200 242 254
190 191 202 244
190 201 202 254
202 244 254 255
190 243 244 254
190 202 244 254
191 192 202 244
192 202 203 256
202 244 255 256
192 244 245 256
192 202 244 256
192 193 204 246
192 203 204 256
204 246 256 257
192 245 246 256
192 204 246 256
193 194 204 246
194 204 205 258
204 246 257 258
194 246 247 258
194 204 246 258
194 195 206 248
194 205 206 258
206 248 258 259
194 247 248 258
194 206 248 258
196 197 208 250
196 207 208 260
208 250 260 261
196 249 250 260
196 208 250 260
197 198 208 250
198 208 209 262
208 250 261 262
198 250 251 262
198 208 250 262
198 199 210 252
198 209 210 262
210 252 262 263
198 251 252 262
198 210 252 262
199 200 210 252
200 210 211 264
210 252 263 264
200 252 253 264
200 210 252 264
200 201 212 254
200 211 212 264
212 254 264 265
200 253 254 264
200 212 254 264
201 202 212 254
202 212 213 266
212 254 265 266
202 254 255 266
202 212 254 266
202 203 214 256
202 213 214 266
214 256 266 267
202 255 256 266
202 214 256 266
203 204 214 256
204 214 215 268
214 256 267 268
204 256 257 268
204 214 256 268
204 205 216 258
204 215 216 268
216 258 268 269
204 257 258 268
204 216 258 268
205 206 216 258
206 216 217 270
216 258 269 270
206 258 259 270
206 216 258 270
218 219 229 272
218 228 229 277
229 272 277 278
218 271 272 277
218 229 272 277
219 220 229 272
220 229 230 279
229 272 278 279
220 272 273 279
220 229 272 279
225 226 236 275
225 235 236 280
236 275 280 281
225 274 275 280
225 236 275 280
226 227 236 275
227 236 237 282
236 275 281 282
227 275 276 282
227 236 275 282
228 229 238 277
229 238 239 284
238 277 283 284
229 277 278 284
229 238 277 284
229 230 240 279
229 239 240 284
240 279 284 285
229 278 279 284
229 240 279 284
235 236 246 280
236 246 247 292
246 280 291 292
236 280 281 292
236 246 280 292
236 237 248 282
236 247 248 292
248 282 292 293
236 281 282 292
236 248 282 292
238 239 250 284
238 249 250 294
250 284 294 295
238 283 284 294
238 250 284 294
239 240 250 284
240 250 251 296
250 284 295 296
240 284 285 296
240 250 284 296
240 241 252 286
240 251 252 296
252 286 296 297
240 285 286 296
240 252 286 296
241 242 252 286
242 252 253 298
252 286 297 298
242 286 287 298
242 252 286 298
242 243 254 288
242 253 254 298
254 288 298 299
242 287 288 298
242 254 288 298
243 244 254 288
244 254 255 300
254 288 299 300
244 288 289 300
244 254 288 300
244 245 256 290
244 255 256 300
256 290 300 301
244 289 290 300
244 256 290 300
245 246 256 290
246 256 257 302
256 290 301 302
246 290 291 302
246 256 290 302
246 247 258 292
246 257 258 302
258 292 302 303
246 291 292 302
246 258 292 302
247 248 258 292
248 258 259 304
258 292 303 304
248 292 293 304
248 258 292 304
249 250 260 294
250 260 261 306
260 294 305 306
250 294 295 306
250 260 294 306
250 251 262 296
250 261 262 306
262 296 306 307
250 295 296 306
250 262 296 306
251 252 262 296
252 262 263 308
262 296 307 308
252 296 297 308
252 262 296 308
252 253 264 298
252 263 264 308
264 298 308 309
252 297 298 308
252 264 298 308
253 254 264 298
254 264 265 310
264 298 309 310
254 298 299 310
254 264 298 310
254 255 266 300
254 265 266 310
266 300 310 311
254 299 300 310
254 266 300 310
255 256 266 300
256 266 267 312
266 300 311 312
256 300 301 312
256 266 300 312
256 257 268 302
256 267 268 312
268 302 312 313
256 301 302 312
256 268 302 312
257 258 268 302
258 268 269 314
268 302 313 314
258 302 303 314
258 268 302 314
258 259 270 304
258 269 270 314
270 304 314 315
258 303 304 314
258 270 304 314
271 272 277 316
272 277 278 323
277 316 322 323
272 316 317 323
272 277 316 323
272 273 279 318
272 278 279 323
279 318 323 324
272 317 318 323
272 279 318 323
274 275 280 319
275 280 281 326
280 319 325 326
275 319 320 326
275 280 319 326
275 276 282 321
275 281 282 326
282 321 326 327
275 320 321 326
275 282 321 326
277 278 284 323
277 283 284 328
284 323 328 329
277 322 323 328
277 284 323 328
278 279 284 323
279 284 285 330
284 323 329 330
279 323 324 330
279 284 323 330
280 281 292 326
280 291 292 336
292 326 336 337
280 325 326 336
280 292 326 336
281 282 292 326
282 292 293 338
292 326 337 338
282 326 327 338
282 292 326 338
283 284 294 328
284 294 295 340
294 328 339 340
284 328 329 340
284 294 328 340
284 285 296 330
284 295 296 340
296 330 340 341
284 329 330 340
284 296 330 340
285 286 296 330
286 296 297 342
296 330 341 342
286 330 331 342
286 296 330 342
286 287 298 332
286 297 298 342
298 332 342 343
286 331 332 342
286 298 332 342
287 288 298 332
288 298 299 344
298 332 343 344
288 332 333 344
288 298 332 344
288 289 300 334
288 299 300 344
300 334 344 345
288 333 334 344
288 300 334 344
289 290 300 334
290 300 301 346
300 334 345 346
290 334 335 346
290 300 334 346
290 291 302 336
290 301 302 346
302 336 346 347
290 335 336 346
290 302 336 346
291 292 302 336
292 302 303 348
302 336 347 348
292 336 337 348
292 302 336 348
292 293 304 338
292 303 304 348
304 338 348 349
292 337 338 348
292 304 338 348
294 295 306 340
294 305 306 350
306 340 350 351
294 339 340 350
294 306 340 350
295 296 306 340
296 306 307 352
306 340 351 352
296 340 341 352
296 306 340 352
296 297 308 342
296 307 308 352
308 342 352 353
296 341 342 352
296 308 342 352
297 298 308 342
298 308 309 354
308 342 353 354
298 342 343 354
298 308 342 354
298 299 310 344
298 309 310 354
310 344 354 355
298 343 344 354
298 310 344 354
299 300 310 344
300 310 311 356
310 344 355 356
300 344 345 356
300 310 344 356
300 301 312 346
300 311 312 356
312 346 356 357
300 345 346 356
300 312 346 356
301 302 312 346
302 312 313 358
312 346 357 358
302 346 347 358
302 312 346 358
302 303 314 348
302 313 314 358
314 348 358 359
302 347 348 358
302 314 348 358
303 304 314 348
304 314 315 360
314 348 359 360
304 348 349 360
304 314 348 360
