-3 0 0
-2.54545 0 0
-2 0 0
-1.54545 0 0
-1 0 0
-0.0909091 0 0
1 0 0
1.45455 0 0
2 0 0
2.45455 0 0
3 0 0
-3.90909 0.909091 0
-3.04132 0.909091 0
-2 0.909091 0
-1.54545 0.909091 0
-1 0.909091 0
-0.0909091 0.909091 0
1 0.909091 0
1.45455 0.909091 0
2 0.909091 0
2.86777 0.909091 0
3.90909 0.909091 0
-5 2 0
-3.63636 2 0
-2 2 0
-1.54545 2 0
-1 2 0
-0.0909091 2 0
1 2 0
1.45455 2 0
2 2 0
3.36364 2 0
5 2 0
-5.45455 2.45455 0
-3.8843 2.45455 0
-2 2.45455 0
-1.54545 2.45455 0
-1 2.45455 0
-0.0909091 2.45455 0
1 2.45455 0
1.45455 2.45455 0
2 2.45455 0
3.57025 2.45455 0
5.45455 2.45455 0
-6 3 0
-4.18182 3 0
-2 3 0
-1.54545 3 0
-1 3 0
-0.0909091 3 0
1 3 0
1.45455 3 0
2 3 0
3.81818 3 0
6 3 0
-3 0 0.454545
-2.54545 0 0.454545
-2 0 0.454545
-1.54545 0 0.454545
-1 0 0.454545
-0.0909091 0 0.454545
1 0 0.454545
1.45455 0 0.454545
2 0 0.454545
2.45455 0 0.454545
3 0 0.454545
-3.90909 0.909091 0.454545
-3.04132 0.909091 0.454545
-2 0.909091 0.454545
-1.54545 0.909091 0.454545
-1 0.909091 0.454545
-0.0909091 0.909091 0.454545
1 0.909091 0.454545
1.45455 0.909091 0.454545
2 0.909091 0.454545
2.86777 0.909091 0.454545
3.90909 0.909091 0.454545
-5 2 0.454545
-3.63636 2 0.454545
-2 2 0.454545
-1.54545 2 0.454545
-1 2 0.454545
-0.0909091 2 0.454545
1 2 0.454545
1.45455 2 0.454545
2 2 0.454545
3.36364 2 0.454545
5 2 0.454545
-5.45455 2.45455 0.454545
-3.8843 2.45455 0.454545
-2 2.45455 0.454545
-1.54545 2.45455 0.454545
-1 2.45455 0.454545
-0.0909091 2.45455 0.454545
1 2.45455 0.454545
1.45455 2.45455 0.454545
2 2.45455 0.454545
3.57025 2.45455 0.454545
5.45455 2.45455 0.454545
-6 3 0.454545
-4.18182 3 0.454545
-2 3 0.454545
-1.54545 3 0.454545
-1 3 0.454545
-0.0909091 3 0.454545
1 3 0.454545
1.45455 3 0.454545
2 3 0.454545
3.81818 3 0.454545
6 3 0.454545
-3 0 1
-2.54545 0 1
-2 0 1
-1.54545 0 1
-1 0 1
-0.0909091 0 1
1 0 1
1.45455 0 1
2 0 1
2.45455 0 1
3 0 1
-3.90909 0.909091 1
-3.04132 0.909091 1
-2 0.909091 1
-1.54545 0.909091 1
-1 0.909091 1
-0.0909091 0.909091 1
1 0.909091 1
1.45455 0.909091 1
2 0.909091 1
2.86777 0.909091 1
3.90909 0.909091 1
-5 2 1
-3.63636 2 1
-2 2 1
-1.54545 2 1
-1 2 1
-0.0909091 2 1
1 2 1
1.45455 2 1
2 2 1
3.36364 2 1
5 2 1
-5.45455 2.45455 1
-3.8843 2.45455 1
-2 2.45455 1
-1.54545 2.45455 1
-1 2.45455 1
-0.0909091 2.45455 1
1 2.45455 1
1.45455 2.45455 1
2 2.45455 1
3.57025 2.45455 1
5.45455 2.45455 1
-6 3 1
-4.18182 3 1
-2 3 1
-1.54545 3 1
-1 3 1
-0.0909091 3 1
1 3 1
1.45455 3 1
2 3 1
3.81818 3 1
6 3 1
-3 0 1.45455
-2.54545 0 1.45455
-2 0 1.45455
-1.54545 0 1.45455
-1 0 1.45455
1 0 1.45455
1.45455 0 1.45455
2 0 1.45455
2.45455 0 1.45455
3 0 1.45455
-3.90909 0.909091 1.45455
-3.04132 0.909091 1.45455
-2 0.909091 1.45455
-1.54545 0.909091 1.45455
-1 0.909091 1.45455
1 0.909091 1.45455
1.45455 0.909091 1.45455
2 0.909091 1.45455
2.86777 0.909091 1.45455
3.90909 0.909091 1.45455
-5 2 1.45455
-3.63636 2 1.45455
-2 2 1.45455
-1.54545 2 1.45455
-1 2 1.45455
-0.0909091 2 1.45455
1 2 1.45455
1.45455 2 1.45455
2 2 1.45455
3.36364 2 1.45455
5 2 1.45455
-5.45455 2.45455 1.45455
-3.8843 2.45455 1.45455
-2 2.45455 1.45455
-1.54545 2.45455 1.45455
-1 2.45455 1.45455
-0.0909091 2.45455 1.45455
1 2.45455 1.45455
1.45455 2.45455 1.45455
2 2.45455 1.45455
3.57025 2.45455 1.45455
5.45455 2.45455 1.45455
-6 3 1.45455
-4.18182 3 1.45455
-2 3 1.45455
-1.54545 3 1.45455
-1 3 1.45455
-0.0909091 3 1.45455
1 3 1.45455
1.45455 3 1.45455
2 3 1.45455
3.81818 3 1.45455
6 3 1.45455
-3 0 2
-2.54545 0 2
-2 0 2
-1.54545 0 2
-1 0 2
1 0 2
1.45455 0 2
2 0 2
2.45455 0 2
3 0 2
-3.90909 0.909091 2
-3.04132 0.909091 2
-2 0.909091 2
-1.54545 0.909091 2
-1 0.909091 2
1 0.909091 2
1.45455 0.909091 2
2 0.909091 2
2.86777 0.909091 2
3.90909 0.909091 2
-5 2 2
-3.63636 2 2
-2 2 2
-1.54545 2 2
-1 2 2
-0.0909091 2 2
1 2 2
1.45455 2 2
2 2 2
3.36364 2 2
5 2 2
-5.45455 2.45455 2
-3.8843 2.45455 2
-2 2.45455 2
-1.54545 2.45455 2
-1 2.45455 2
-0.0909091 2.45455 2
1 2.45455 2
1.45455 2.45455 2
2 2.45455 2
3.57025 2.45455 2
5.45455 2.45455 2
-6 3 2
-4.18182 3 2
-2 3 2
-1.54545 3 2
-1 3 2
-0.0909091 3 2
1 3 2
1.45455 3 2
2 3 2
3.81818 3 2
6 3 2
-3 0 2.90909
-2.54545 0 2.90909
-2 0 2.90909
2 0 2.90909
2.45455 0 2.90909
3 0 2.90909
-3.90909 0.909091 2.90909
-3.04132 0.909091 2.90909
-2 0.909091 2.90909
2 0.909091 2.90909
2.86777 0.909091 2.90909
3.90909 0.909091 2.90909
-5 2 2.90909
-3.63636 2 2.90909
-2 2 2.90909
-1.54545 2 2.90909
-1 2 2.90909
-0.0909091 2 2.90909
1 2 2.90909
1.45455 2 2.90909
2 2 2.90909
3.36364 2 2.90909
5 2 2.90909
-5.45455 2.45455 2.90909
-3.8843 2.45455 2.90909
-2 2.45455 2.90909
-1.54545 2.45455 2.90909
-1 2.45455 2.90909
-0.0909091 2.45455 2.90909
1 2.45455 2.90909
1.45455 2.45455 2.90909
2 2.45455 2.90909
3.57025 2.45455 2.90909
5.45455 2.45455 2.90909
-6 3 2.90909
-4.18182 3 2.90909
-2 3 2.90909
-1.54545 3 2.90909
-1 3 2.90909
-0.0909091 3 2.90909
1 3 2.90909
1.45455 3 2.90909
2 3 2.90909
3.81818 3 2.90909
6 3 2.90909
-3 0 4
-2.54545 0 4
-2 0 4
2 0 4
2.45455 0 4
3 0 4
-3.90909 0.909091 4
-3.04132 0.909091 4
-2 0.909091 4
2 0.909091 4
2.86777 0.909091 4
3.90909 0.909091 4
-5 2 4
-3.63636 2 4
-2 2 4
-1.54545 2 4
-1 2 4
-0.0909091 2 4
1 2 4
1.45455 2 4
2 2 4
3.36364 2 4
5 2 4
-5.45455 2.45455 4
-3.8843 2.45455 4
-2 2.45455 4
-1.54545 2.45455 4
-1 2.45455 4
-0.0909091 2.45455 4
1 2.45455 4
1.45455 2.45455 4
2 2.45455 4
3.57025 2.45455 4
5.45455 2.45455 4
-6 3 4
-4.18182 3 4
-2 3 4
-1.54545 3 4
-1 3 4
-0.0909091 3 4
1 3 4
1.45455 3 4
2 3 4
3.81818 3 4
6 3 4
