  -3.000   0.000   0.000 -3.000000000000000e+00
  -2.444   0.000   0.000 -2.444444444444442e+00
  -2.000   0.000   0.000 -1.999999999999997e+00
  -1.444   0.000   0.000 -1.444444444444439e+00
  -1.000   0.000   0.000 -9.999999999999952e-01
   0.111   0.000   0.000  1.111111111111166e-01
   1.000   0.000   0.000  1.000000000000004e+00
   1.556   0.000   0.000  1.555555555555558e+00
   2.000   0.000   0.000  2.000000000000003e+00
   2.556   0.000   0.000  2.555555555555560e+00
   3.000   0.000   0.000  3.000000000000005e+00
  -4.111   1.111   0.000 -2.999999999999999e+00
  -2.938   1.111   0.000 -1.827160493827158e+00
  -2.000   1.111   0.000 -8.888888888888826e-01
  -1.444   1.111   0.000 -3.333333333333273e-01
  -1.000   1.111   0.000  1.111111111111178e-01
   0.111   1.111   0.000  1.222222222222229e+00
   1.000   1.111   0.000  2.111111111111116e+00
   1.556   1.111   0.000  2.666666666666670e+00
   2.000   1.111   0.000  3.111111111111115e+00
   3.173   1.111   0.000  4.283950617283951e+00
   4.111   1.111   0.000  5.222222222222220e+00
  -5.000   2.000   0.000 -3.000000000000000e+00
  -3.333   2.000   0.000 -1.333333333333330e+00
  -2.000   2.000   0.000  6.113165529342268e-15
  -1.444   2.000   0.000  5.555555555555637e-01
  -1.000   2.000   0.000  1.000000000000008e+00
   0.111   2.000   0.000  2.111111111111119e+00
   1.000   2.000   0.000  3.000000000000005e+00
   1.556   2.000   0.000  3.555555555555559e+00
   2.000   2.000   0.000  4.000000000000003e+00
   3.667   2.000   0.000  5.666666666666659e+00
   5.000   2.000   0.000  6.999999999999988e+00
  -5.556   2.556   0.000 -2.999999999999999e+00
  -3.580   2.556   0.000 -1.024691358024688e+00
  -2.000   2.556   0.000  5.555555555555629e-01
  -1.444   2.556   0.000  1.111111111111120e+00
  -1.000   2.556   0.000  1.555555555555566e+00
   0.111   2.556   0.000  2.666666666666676e+00
   1.000   2.556   0.000  3.555555555555561e+00
   1.556   2.556   0.000  4.111111111111115e+00
   2.000   2.556   0.000  4.555555555555557e+00
   3.975   2.556   0.000  6.530864197530851e+00
   5.556   2.556   0.000  8.111111111111089e+00
  -6.000   3.000   0.000 -3.000000000000000e+00
  -3.778   3.000   0.000 -7.777777777777736e-01
  -2.000   3.000   0.000  1.000000000000009e+00
  -1.444   3.000   0.000  1.555555555555568e+00
  -1.000   3.000   0.000  2.000000000000011e+00
   0.111   3.000   0.000  3.111111111111123e+00
   1.000   3.000   0.000  4.000000000000005e+00
   1.556   3.000   0.000  4.555555555555562e+00
   2.000   3.000   0.000  5.000000000000001e+00
   4.222   3.000   0.000  7.222222222222200e+00
   6.000   3.000   0.000  8.999999999999982e+00
  -3.000   0.000   0.556 -2.444444444444443e+00
  -2.444   0.000   0.556 -1.888888888888885e+00
  -2.000   0.000   0.556 -1.444444444444439e+00
  -1.444   0.000   0.556 -8.888888888888833e-01
  -1.000   0.000   0.556 -4.444444444444382e-01
   0.111   0.000   0.556  6.666666666666721e-01
   1.000   0.000   0.556  1.555555555555560e+00
   1.556   0.000   0.556  2.111111111111112e+00
   2.000   0.000   0.556  2.555555555555556e+00
   2.556   0.000   0.556  3.111111111111115e+00
   3.000   0.000   0.556  3.555555555555566e+00
  -4.111   1.111   0.556 -2.444444444444442e+00
  -2.938   1.111   0.556 -1.271604938271601e+00
  -2.000   1.111   0.556 -3.333333333333279e-01
  -1.444   1.111   0.556  2.222222222222294e-01
  -1.000   1.111   0.556  6.666666666666730e-01
   0.111   1.111   0.556  1.777777777777783e+00
   1.000   1.111   0.556  2.666666666666672e+00
   1.556   1.111   0.556  3.222222222222229e+00
   2.000   1.111   0.556  3.666666666666671e+00
   3.173   1.111   0.556  4.839506172839502e+00
   4.111   1.111   0.556  5.777777777777771e+00
  -5.000   2.000   0.556 -2.444444444444442e+00
  -3.333   2.000   0.556 -7.777777777777743e-01
  -2.000   2.000   0.556  5.555555555555630e-01
  -1.444   2.000   0.556  1.111111111111119e+00
  -1.000   2.000   0.556  1.555555555555564e+00
   0.111   2.000   0.556  2.666666666666675e+00
   1.000   2.000   0.556  3.555555555555561e+00
   1.556   2.000   0.556  4.111111111111114e+00
   2.000   2.000   0.556  4.555555555555559e+00
   3.667   2.000   0.556  6.222222222222211e+00
   5.000   2.000   0.556  7.555555555555538e+00
  -5.556   2.556   0.556 -2.444444444444443e+00
  -3.580   2.556   0.556 -4.691358024691335e-01
  -2.000   2.556   0.556  1.111111111111118e+00
  -1.444   2.556   0.556  1.666666666666677e+00
  -1.000   2.556   0.556  2.111111111111120e+00
   0.111   2.556   0.556  3.222222222222230e+00
   1.000   2.556   0.556  4.111111111111115e+00
   1.556   2.556   0.556  4.666666666666671e+00
   2.000   2.556   0.556  5.111111111111114e+00
   3.975   2.556   0.556  7.086419753086401e+00
   5.556   2.556   0.556  8.666666666666648e+00
  -6.000   3.000   0.556 -2.444444444444444e+00
  -3.778   3.000   0.556 -2.222222222222204e-01
  -2.000   3.000   0.556  1.555555555555565e+00
  -1.444   3.000   0.556  2.111111111111123e+00
  -1.000   3.000   0.556  2.555555555555567e+00
   0.111   3.000   0.556  3.666666666666675e+00
   1.000   3.000   0.556  4.555555555555562e+00
   1.556   3.000   0.556  5.111111111111116e+00
   2.000   3.000   0.556  5.555555555555555e+00
   4.222   3.000   0.556  7.777777777777760e+00
   6.000   3.000   0.556  9.555555555555536e+00
  -3.000   0.000   1.000 -1.999999999999996e+00
  -2.444   0.000   1.000 -1.444444444444441e+00
  -2.000   0.000   1.000 -9.999999999999944e-01
  -1.444   0.000   1.000 -4.444444444444378e-01
  -1.000   0.000   1.000  6.106226635438361e-15
   0.111   0.000   1.000  1.111111111111117e+00
   1.000   0.000   1.000  2.000000000000004e+00
   1.556   0.000   1.000  2.555555555555558e+00
   2.000   0.000   1.000  3.000000000000000e+00
   2.556   0.000   1.000  3.555555555555551e+00
   3.000   0.000   1.000  4.000000000000001e+00
  -4.111   1.111   1.000 -1.999999999999998e+00
  -2.938   1.111   1.000 -8.271604938271567e-01
  -2.000   1.111   1.000  1.111111111111175e-01
  -1.444   1.111   1.000  6.666666666666732e-01
  -1.000   1.111   1.000  1.111111111111118e+00
   0.111   1.111   1.000  2.222222222222228e+00
   1.000   1.111   1.000  3.111111111111115e+00
   1.556   1.111   1.000  3.666666666666671e+00
   2.000   1.111   1.000  4.111111111111115e+00
   3.173   1.111   1.000  5.283950617283946e+00
   4.111   1.111   1.000  6.222222222222214e+00
  -5.000   2.000   1.000 -1.999999999999998e+00
  -3.333   2.000   1.000 -3.333333333333299e-01
  -2.000   2.000   1.000  1.000000000000007e+00
  -1.444   2.000   1.000  1.555555555555565e+00
  -1.000   2.000   1.000  2.000000000000008e+00
   0.111   2.000   1.000  3.111111111111119e+00
   1.000   2.000   1.000  4.000000000000004e+00
   1.556   2.000   1.000  4.555555555555561e+00
   2.000   2.000   1.000  5.000000000000004e+00
   3.667   2.000   1.000  6.666666666666654e+00
   5.000   2.000   1.000  7.999999999999981e+00
  -5.556   2.556   1.000 -1.999999999999997e+00
  -3.580   2.556   1.000 -2.469135802468888e-02
  -2.000   2.556   1.000  1.555555555555563e+00
  -1.444   2.556   1.000  2.111111111111120e+00
  -1.000   2.556   1.000  2.555555555555565e+00
   0.111   2.556   1.000  3.666666666666672e+00
   1.000   2.556   1.000  4.555555555555558e+00
   1.556   2.556   1.000  5.111111111111114e+00
   2.000   2.556   1.000  5.555555555555558e+00
   3.975   2.556   1.000  7.530864197530847e+00
   5.556   2.556   1.000  9.111111111111088e+00
  -6.000   3.000   1.000 -1.999999999999999e+00
  -3.778   3.000   1.000  2.222222222222236e-01
  -2.000   3.000   1.000  2.000000000000008e+00
  -1.444   3.000   1.000  2.555555555555568e+00
  -1.000   3.000   1.000  3.000000000000010e+00
   0.111   3.000   1.000  4.111111111111117e+00
   1.000   3.000   1.000  5.000000000000005e+00
   1.556   3.000   1.000  5.555555555555561e+00
   2.000   3.000   1.000  6.000000000000003e+00
   4.222   3.000   1.000  8.222222222222207e+00
   6.000   3.000   1.000  9.999999999999982e+00
  -3.000   0.000   1.556 -1.444444444444441e+00
  -2.444   0.000   1.556 -8.888888888888845e-01
  -2.000   0.000   1.556 -4.444444444444386e-01
  -1.444   0.000   1.556  1.111111111111175e-01
  -1.000   0.000   1.556  5.555555555555629e-01
   1.000   0.000   1.556  2.555555555555560e+00
   1.556   0.000   1.556  3.111111111111116e+00
   2.000   0.000   1.556  3.555555555555557e+00
   2.556   0.000   1.556  4.111111111111109e+00
   3.000   0.000   1.556  4.555555555555555e+00
  -4.111   1.111   1.556 -1.444444444444444e+00
  -2.938   1.111   1.556 -2.716049382716011e-01
  -2.000   1.111   1.556  6.666666666666730e-01
  -1.444   1.111   1.556  1.222222222222230e+00
  -1.000   1.111   1.556  1.666666666666675e+00
   1.000   1.111   1.556  3.666666666666671e+00
   1.556   1.111   1.556  4.222222222222226e+00
   2.000   1.111   1.556  4.666666666666671e+00
   3.173   1.111   1.556  5.839506172839503e+00
   4.111   1.111   1.556  6.777777777777771e+00
  -5.000   2.000   1.556 -1.444444444444444e+00
  -3.333   2.000   1.556  2.222222222222252e-01
  -2.000   2.000   1.556  1.555555555555563e+00
  -1.444   2.000   1.556  2.111111111111120e+00
  -1.000   2.000   1.556  2.555555555555565e+00
   0.111   2.000   1.556  3.666666666666671e+00
   1.000   2.000   1.556  4.555555555555558e+00
   1.556   2.000   1.556  5.111111111111116e+00
   2.000   2.000   1.556  5.555555555555557e+00
   3.667   2.000   1.556  7.222222222222213e+00
   5.000   2.000   1.556  8.555555555555546e+00
  -5.556   2.556   1.556 -1.444444444444445e+00
  -3.580   2.556   1.556  5.308641975308657e-01
  -2.000   2.556   1.556  2.111111111111119e+00
  -1.444   2.556   1.556  2.666666666666677e+00
  -1.000   2.556   1.556  3.111111111111119e+00
   0.111   2.556   1.556  4.222222222222228e+00
   1.000   2.556   1.556  5.111111111111112e+00
   1.556   2.556   1.556  5.666666666666670e+00
   2.000   2.556   1.556  6.111111111111113e+00
   3.975   2.556   1.556  8.086419753086407e+00
   5.556   2.556   1.556  9.666666666666657e+00
  -6.000   3.000   1.556 -1.444444444444445e+00
  -3.778   3.000   1.556  7.777777777777792e-01
  -2.000   3.000   1.556  2.555555555555563e+00
  -1.444   3.000   1.556  3.111111111111122e+00
  -1.000   3.000   1.556  3.555555555555566e+00
   0.111   3.000   1.556  4.666666666666673e+00
   1.000   3.000   1.556  5.555555555555559e+00
   1.556   3.000   1.556  6.111111111111114e+00
   2.000   3.000   1.556  6.555555555555556e+00
   4.222   3.000   1.556  8.777777777777766e+00
   6.000   3.000   1.556  1.055555555555553e+01
  -3.000   0.000   2.000 -9.999999999999963e-01
  -2.444   0.000   2.000 -4.444444444444400e-01
  -2.000   0.000   2.000  4.878042414446782e-15
  -1.444   0.000   2.000  5.555555555555620e-01
  -1.000   0.000   2.000  1.000000000000006e+00
   1.000   0.000   2.000  3.000000000000002e+00
   1.556   0.000   2.000  3.555555555555557e+00
   2.000   0.000   2.000  3.999999999999999e+00
   2.556   0.000   2.000  4.555555555555552e+00
   3.000   0.000   2.000  4.999999999999996e+00
  -4.111   1.111   2.000 -9.999999999999984e-01
  -2.938   1.111   2.000  1.728395061728425e-01
  -2.000   1.111   2.000  1.111111111111116e+00
  -1.444   1.111   2.000  1.666666666666674e+00
  -1.000   1.111   2.000  2.111111111111118e+00
   1.000   1.111   2.000  4.111111111111114e+00
   1.556   1.111   2.000  4.666666666666671e+00
   2.000   1.111   2.000  5.111111111111112e+00
   3.173   1.111   2.000  6.283950617283947e+00
   4.111   1.111   2.000  7.222222222222213e+00
  -5.000   2.000   2.000 -1.000000000000000e+00
  -3.333   2.000   2.000  6.666666666666690e-01
  -2.000   2.000   2.000  2.000000000000006e+00
  -1.444   2.000   2.000  2.555555555555565e+00
  -1.000   2.000   2.000  3.000000000000010e+00
   0.111   2.000   2.000  4.111111111111117e+00
   1.000   2.000   2.000  5.000000000000003e+00
   1.556   2.000   2.000  5.555555555555560e+00
   2.000   2.000   2.000  6.000000000000002e+00
   3.667   2.000   2.000  7.666666666666655e+00
   5.000   2.000   2.000  8.999999999999989e+00
  -5.556   2.556   2.000 -1.000000000000001e+00
  -3.580   2.556   2.000  9.753086419753110e-01
  -2.000   2.556   2.000  2.555555555555562e+00
  -1.444   2.556   2.000  3.111111111111119e+00
  -1.000   2.556   2.000  3.555555555555563e+00
   0.111   2.556   2.000  4.666666666666671e+00
   1.000   2.556   2.000  5.555555555555557e+00
   1.556   2.556   2.000  6.111111111111112e+00
   2.000   2.556   2.000  6.555555555555557e+00
   3.975   2.556   2.000  8.530864197530855e+00
   5.556   2.556   2.000  1.011111111111109e+01
  -6.000   3.000   2.000 -1.000000000000001e+00
  -3.778   3.000   2.000  1.222222222222224e+00
  -2.000   3.000   2.000  3.000000000000007e+00
  -1.444   3.000   2.000  3.555555555555566e+00
  -1.000   3.000   2.000  4.000000000000007e+00
   0.111   3.000   2.000  5.111111111111116e+00
   1.000   3.000   2.000  6.000000000000004e+00
   1.556   3.000   2.000  6.555555555555556e+00
   2.000   3.000   2.000  7.000000000000002e+00
   4.222   3.000   2.000  9.222222222222211e+00
   6.000   3.000   2.000  1.099999999999999e+01
  -3.000   0.000   3.111  1.111111111111129e-01
  -2.444   0.000   3.111  6.666666666666681e-01
  -2.000   0.000   3.111  1.111111111111113e+00
   2.000   0.000   3.111  5.111111111111110e+00
   2.556   0.000   3.111  5.666666666666661e+00
   3.000   0.000   3.111  6.111111111111102e+00
  -4.111   1.111   3.111  1.111111111111127e-01
  -2.938   1.111   3.111  1.283950617283952e+00
  -2.000   1.111   3.111  2.222222222222224e+00
   2.000   1.111   3.111  6.222222222222221e+00
   3.173   1.111   3.111  7.395061728395060e+00
   4.111   1.111   3.111  8.333333333333332e+00
  -5.000   2.000   3.111  1.111111111111109e-01
  -3.333   2.000   3.111  1.777777777777778e+00
  -2.000   2.000   3.111  3.111111111111114e+00
  -1.444   2.000   3.111  3.666666666666673e+00
  -1.000   2.000   3.111  4.111111111111120e+00
   0.111   2.000   3.111  5.222222222222229e+00
   1.000   2.000   3.111  6.111111111111114e+00
   1.556   2.000   3.111  6.666666666666672e+00
   2.000   2.000   3.111  7.111111111111113e+00
   3.667   2.000   3.111  8.777777777777775e+00
   5.000   2.000   3.111  1.011111111111111e+01
  -5.556   2.556   3.111  1.111111111111112e-01
  -3.580   2.556   3.111  2.086419753086421e+00
  -2.000   2.556   3.111  3.666666666666672e+00
  -1.444   2.556   3.111  4.222222222222229e+00
  -1.000   2.556   3.111  4.666666666666673e+00
   0.111   2.556   3.111  5.777777777777783e+00
   1.000   2.556   3.111  6.666666666666669e+00
   1.556   2.556   3.111  7.222222222222223e+00
   2.000   2.556   3.111  7.666666666666668e+00
   3.975   2.556   3.111  9.641975308641969e+00
   5.556   2.556   3.111  1.122222222222223e+01
  -6.000   3.000   3.111  1.111111111111093e-01
  -3.778   3.000   3.111  2.333333333333335e+00
  -2.000   3.000   3.111  4.111111111111116e+00
  -1.444   3.000   3.111  4.666666666666671e+00
  -1.000   3.000   3.111  5.111111111111116e+00
   0.111   3.000   3.111  6.222222222222224e+00
   1.000   3.000   3.111  7.111111111111109e+00
   1.556   3.000   3.111  7.666666666666663e+00
   2.000   3.000   3.111  8.111111111111107e+00
   4.222   3.000   3.111  1.033333333333333e+01
   6.000   3.000   3.111  1.211111111111111e+01
  -3.000   0.000   4.000  1.000000000000001e+00
  -2.444   0.000   4.000  1.555555555555556e+00
  -2.000   0.000   4.000  2.000000000000000e+00
   2.000   0.000   4.000  5.999999999999996e+00
   2.556   0.000   4.000  6.555555555555550e+00
   3.000   0.000   4.000  6.999999999999995e+00
  -4.111   1.111   4.000  1.000000000000002e+00
  -2.938   1.111   4.000  2.172839506172842e+00
  -2.000   1.111   4.000  3.111111111111112e+00
   2.000   1.111   4.000  7.111111111111109e+00
   3.173   1.111   4.000  8.283950617283951e+00
   4.111   1.111   4.000  9.222222222222218e+00
  -5.000   2.000   4.000  1.000000000000002e+00
  -3.333   2.000   4.000  2.666666666666668e+00
  -2.000   2.000   4.000  4.000000000000002e+00
  -1.444   2.000   4.000  4.555555555555559e+00
  -1.000   2.000   4.000  5.000000000000000e+00
   0.111   2.000   4.000  6.111111111111112e+00
   1.000   2.000   4.000  7.000000000000003e+00
   1.556   2.000   4.000  7.555555555555557e+00
   2.000   2.000   4.000  7.999999999999998e+00
   3.667   2.000   4.000  9.666666666666666e+00
   5.000   2.000   4.000  1.100000000000000e+01
  -5.556   2.556   4.000  1.000000000000001e+00
  -3.580   2.556   4.000  2.975308641975311e+00
  -2.000   2.556   4.000  4.555555555555557e+00
  -1.444   2.556   4.000  5.111111111111112e+00
  -1.000   2.556   4.000  5.555555555555555e+00
   0.111   2.556   4.000  6.666666666666668e+00
   1.000   2.556   4.000  7.555555555555557e+00
   1.556   2.556   4.000  8.111111111111111e+00
   2.000   2.556   4.000  8.555555555555552e+00
   3.975   2.556   4.000  1.053086419753087e+01
   5.556   2.556   4.000  1.211111111111110e+01
  -6.000   3.000   4.000  9.999999999999996e-01
  -3.778   3.000   4.000  3.222222222222225e+00
  -2.000   3.000   4.000  5.000000000000003e+00
  -1.444   3.000   4.000  5.555555555555558e+00
  -1.000   3.000   4.000  6.000000000000001e+00
   0.111   3.000   4.000  7.111111111111111e+00
   1.000   3.000   4.000  8.000000000000002e+00
   1.556   3.000   4.000  8.555555555555557e+00
   2.000   3.000   4.000  9.000000000000002e+00
   4.222   3.000   4.000  1.122222222222222e+01
   6.000   3.000   4.000  1.299999999999999e+01
